          ******************************************************
          *         GAMESS VERSION =  1 OCT 2010 (R1)          *
          *             FROM IOWA STATE UNIVERSITY             *
          * M.W.SCHMIDT, K.K.BALDRIDGE, J.A.BOATZ, S.T.ELBERT, *
          *   M.S.GORDON, J.H.JENSEN, S.KOSEKI, N.MATSUNAGA,   *
          *          K.A.NGUYEN, S.J.SU, T.L.WINDUS,           *
          *       TOGETHER WITH M.DUPUIS, J.A.MONTGOMERY       *
          *         J.COMPUT.CHEM.  14, 1347-1363(1993)        *
          **************** 32 BIT LINUX VERSION ****************

  SINCE 1993, STUDENTS AND POSTDOCS WORKING AT IOWA STATE UNIVERSITY
  AND ALSO IN THEIR VARIOUS JOBS AFTER LEAVING ISU HAVE MADE IMPORTANT
  CONTRIBUTIONS TO THE CODE:
     IVANA ADAMOVIC, CHRISTINE AIKENS, YURI ALEXEEV, POOJA ARORA,
     ANDREY ASADCHEV, ROB BELL, PRADIPTA BANDYOPADHYAY, JONATHAN BENTZ,
     BRETT BODE, GALINA CHABAN, WEI CHEN, CHEOL HO CHOI, PAUL DAY, TIM DUDLEY,
     DMITRI FEDOROV, GRAHAM FLETCHER, MARK FREITAG, KURT GLAESEMANN, DAN KEMP,
     GRANT MERRILL, NORIYUKI MINEZAWA, JONATHAN MULLIN, TAKESHI NAGATA,
     SEAN NEDD, HEATHER NETZLOFF, BOSILJKA NJEGIC, RYAN OLSON, MIKE PAK,
     JIM SHOEMAKER, LYUDMILA SLIPCHENKO, SAROM SOK, JIE SONG,
     TETSUYA TAKETSUGU, SIMON WEBB, SOOHAENG YOO, FEDERICO ZAHARIEV

  ADDITIONAL CODE HAS BEEN PROVIDED BY COLLABORATORS IN OTHER GROUPS:
     IOWA STATE UNIVERSITY:
          JOE IVANIC, LAIMUTIS BYTAUTAS, KLAUS RUEDENBERG
     UNIVERSITY OF TOKYO: KIMIHIKO HIRAO, TAKAHITO NAKAJIMA,
          TAKAO TSUNEDA, MUNEAKI KAMIYA, SUSUMU YANAGISAWA,
          KIYOSHI YAGI, MAHITO CHIBA, SEIKEN TOKURA, NAOAKI KAWAKAMI
     UNIVERSITY OF AARHUS: FRANK JENSEN
     UNIVERSITY OF IOWA: VISVALDAS KAIRYS, HUI LI
     NATIONAL INST. OF STANDARDS AND TECHNOLOGY: WALT STEVENS, DAVID GARMER
     UNIVERSITY OF PISA: BENEDETTA MENNUCCI, JACOPO TOMASI
     UNIVERSITY OF MEMPHIS: HENRY KURTZ, PRAKASHAN KORAMBATH
     UNIVERSITY OF ALBERTA: TOBY ZENG, MARIUSZ KLOBUKOWSKI
     UNIVERSITY OF NEW ENGLAND: MARK SPACKMAN
     MIE UNIVERSITY: HIROAKI UMEDA
     MICHIGAN STATE UNIVERSITY:
          KAROL KOWALSKI, MARTA WLOCH, JEFFREY GOUR, JESSE LUTZ, PIOTR PIECUCH
     UNIVERSITY OF SILESIA: MONIKA MUSIAL, STANISLAW KUCHARSKI
     FACULTES UNIVERSITAIRES NOTRE-DAME DE LA PAIX:
          OLIVIER QUINET, BENOIT CHAMPAGNE
     UNIVERSITY OF CALIFORNIA - SANTA BARBARA: BERNARD KIRTMAN
     INSTITUTE FOR MOLECULAR SCIENCE:
          KAZUYA ISHIMURA, MICHIO KATOUDA, AND SHIGERU NAGASE
     UNIVERSITY OF NOTRE DAME: DAN CHIPMAN
     KYUSHU UNIVERSITY:
          HARUYUKI NAKANO,
          FENG LONG GU, JACEK KORCHOWIEC, MARCIN MAKOWSKI, AND YURIKO AOKI,
          HIROTOSHI MORI AND EISAKU MIYOSHI
     PENNSYLVANIA STATE UNIVERSITY:
          TZVETELIN IORDANOV, CHET SWALINA, JONATHAN SKONE,
          SHARON HAMMES-SCHIFFER
     WASEDA UNIVERSITY:
          MASATO KOBAYASHI, TOMOKO AKAMA, HIROMI NAKAI
     UNIVERSITY OF NEBRASKA:
          PEIFENG SU, DEJUN SI, YALI WANG, HUI LI
     UNIVERSITY OF ZURICH:
          ROBERTO PEVERATI, KIM BALDRIDGE
     N. COPERNICUS UNIVERSITY AND JACKSON STATE UNIVERSITY:
          MARIA BARYSZ

 EXECUTION OF GAMESS BEGUN Mon Oct  3 13:19:22 2011

            ECHO OF THE FIRST FEW INPUT CARDS -
 INPUT CARD> $CONTRL RUNTYP=HESSIAN COORD=CART UNITS=ANGS $END                              
 INPUT CARD> $BASIS  GBASIS=AM1 $END                                                        
 INPUT CARD> $DATA                                                                          
 INPUT CARD>AM1/Fullerene(C60) normal modes                                                 
 INPUT CARD>Cnh 2                                                                           
 INPUT CARD>                                                                                
 INPUT CARD>C   6.0  -0.3848078332  -3.3317712606   1.1843167282                            
 INPUT CARD>C   6.0   0.3848078332   3.3317712606  -1.1843167282                            
 INPUT CARD>C   6.0  -0.3848078332  -3.3317712606  -1.1843167282                            
 INPUT CARD>C   6.0   0.3848078332   3.3317712606   1.1843167282                            
 INPUT CARD>C   6.0   1.0074399815  -3.3317712560   0.7319479922                            
 INPUT CARD>C   6.0  -1.0074399815   3.3317712560  -0.7319479922                            
 INPUT CARD>C   6.0   1.0074399815  -3.3317712560  -0.7319479922                            
 INPUT CARD>C   6.0  -1.0074399815   3.3317712560   0.7319479922                            
 INPUT CARD>C   6.0  -1.2452643023  -3.3317712635   0.0000000000                            
 INPUT CARD>C   6.0   1.2452643023   3.3317712635   0.0000000000                            
 INPUT CARD>C   6.0   1.9603514854  -2.6038116677   1.4242787241                            
 INPUT CARD>C   6.0  -1.9603514854   2.6038116677  -1.4242787241                            
 INPUT CARD>C   6.0   1.9603514854  -2.6038116677  -1.4242787241                            
 INPUT CARD>C   6.0  -1.9603514854   2.6038116677   1.4242787241                            
 INPUT CARD>C   6.0   1.5755436435  -1.8341959917   2.6085954420                            
 INPUT CARD>C   6.0  -1.5755436435   1.8341959917  -2.6085954420                            
 INPUT CARD>C   6.0   1.5755436435  -1.8341959917  -2.6085954420                            
 INPUT CARD>C   6.0  -1.5755436435   1.8341959917   2.6085954420                            
 INPUT CARD>C   6.0   2.3451593107  -0.5889316929   2.6085954493                            
 INPUT CARD>C   6.0  -2.3451593107   0.5889316929  -2.6085954493                            
 INPUT CARD>C   6.0   2.3451593107  -0.5889316929  -2.6085954493                            
 INPUT CARD>C   6.0  -2.3451593107   0.5889316929   2.6085954493                            
 INPUT CARD>C   6.0   2.9677914535  -1.8341959916   0.6923307263                            
 INPUT CARD>C   6.0  -2.9677914535   1.8341959916  -0.6923307263                            
 INPUT CARD>C   6.0   2.9677914535  -1.8341959916  -0.6923307263                            
 INPUT CARD>C   6.0  -2.9677914535   1.8341959916   0.6923307263                            
 INPUT CARD>C   6.0   3.2056157812  -0.5889316932   1.4242787197                            
 INPUT CARD>C   6.0  -3.2056157812   0.5889316932  -1.4242787197                            
 INPUT CARD>C   6.0   3.2056157812  -0.5889316932  -1.4242787197                            
 INPUT CARD>C   6.0  -3.2056157812   0.5889316932   1.4242787197                            
 INPUT CARD>C   6.0  -0.7487876355  -2.6038116601  -2.3045313782                            
 INPUT CARD>C   6.0   0.7487876355   2.6038116601   2.3045313782                            
 INPUT CARD>C   6.0  -0.7487876355  -2.6038116601   2.3045313782                            
 INPUT CARD>C   6.0   0.7487876355   2.6038116601  -2.3045313782                            
 INPUT CARD>C   6.0   0.2586523475  -1.8341959966  -3.0364793676                            
 INPUT CARD>C   6.0  -0.2586523475   1.8341959966   3.0364793676                            
 INPUT CARD>C   6.0   0.2586523475  -1.8341959966   3.0364793676                            
 INPUT CARD>C   6.0  -0.2586523475   1.8341959966  -3.0364793676                            
 INPUT CARD>C   6.0  -0.3639798017  -0.5889316923  -3.4888480984                            
 INPUT CARD>C   6.0   0.3639798017   0.5889316923   3.4888480984                            
 INPUT CARD>C   6.0  -0.3639798017  -0.5889316923   3.4888480984                            
 INPUT CARD>C   6.0   0.3639798017   0.5889316923  -3.4888480984                            
 INPUT CARD>C   6.0  -1.9940519370  -1.8341959957  -2.3045313757                            
 INPUT CARD>C   6.0   1.9940519370   1.8341959957   2.3045313757                            
    1000000 WORDS OF MEMORY AVAILABLE


                    * * * WARNING * * *
 OLD KEYWORD COORD=CART SELECTED, AUTOMATICALLY CHANGED TO COORD=PRINAXIS.
 YOUR MOLECULE'S COORDINATES WILL BE CHANGED TO PRINCIPAL AXES BY
   A) TRANSLATION TO THE CENTER OF MASS, THEN
   B) ROTATION TO HAVE A DIAGONAL MOMENT OF INERTIA TENSOR.

 HOWEVER, NOTHING ELSE IN YOUR INPUT WILL BE ROTATED IN THE SAME WAY,
 SO IF YOU HAVE A $VEC, $VIB, $GRAD, $HESS, EFP PARTICLE COORDINATES,
 OR ANYTHING ELSE THAT DEPENDS ON THE INITIAL ORIENTATION, THAT DATA
 WILL NOT BE USED CORRECTLY IN THIS RUN.

 THE PURPOSE OF COORD=PRINAXIS IS TO BE USED ONCE, ONLY AT THE VERY
 BEGINNING OF A SERIES OF COMPUTATIONS, PERHAPS TO FIND THE SYMMETRY
 UNIQUE ATOMS FROM AN ARBITRARY INITIAL ORIENTATION.

 AFTER THE FIRST RUN, YOU SHOULD USE ONLY COORD=UNIQUE, TO ENSURE THAT
 THE COORDINATES WHICH YOU READ IN ARE THE COORDINATES THAT ARE USED.


     BASIS OPTIONS
     -------------
     GBASIS=AM1          IGAUSS=       0      POLAR=NONE    
     NDFUNC=       0     NFFUNC=       0     DIFFSP=       F
     NPFUNC=       0      DIFFS=       F     BASNAM=        


     RUN TITLE
     ---------
 AM1/Fullerene(C60) normal modes                                                 

 THE POINT GROUP OF THE MOLECULE IS CNH     
 THE ORDER OF THE PRINCIPAL AXIS IS     2

 THE MOMENTS OF INERTIA ARE (AMU-ANGSTROM**2)
 IXX=  6072.664   IYY=  6072.664   IZZ=  6072.664

 ATOM      ATOMIC                      COORDINATES (BOHR)
           CHARGE         X                   Y                   Z
 C           6.0     6.2499930740       -1.0524694421        2.2380340990
 C           6.0    -6.2499930740        1.0524694421       -2.2380340990
 C           6.0     6.2499930740       -1.0524694421       -2.2380340990
 C           6.0    -6.2499930740        1.0524694421        2.2380340990
 C           6.0     5.5183171430       -3.5796491031        1.3831811425
 C           6.0    -5.5183171430        3.5796491031       -1.3831811425
 C           6.0     5.5183171430       -3.5796491031       -1.3831811425
 C           6.0    -5.5183171430        3.5796491031        1.3831811425
 C           6.0     6.7021936676        0.5094134819        0.0000000000
 C           6.0    -6.7021936676       -0.5094134819        0.0000000000
 C           6.0     3.6961508272       -4.9267857625        2.6914965187
 C           6.0    -3.6961508272        4.9267857625       -2.6914965187
 C           6.0     3.6961508272       -4.9267857625       -2.6914965187
 C           6.0    -3.6961508272        4.9267857625        2.6914965187
 C           6.0     2.5013905018       -3.8238299554        4.9295305982
 C           6.0    -2.5013905018        3.8238299554       -4.9295305982
 C           6.0     2.5013905018       -3.8238299554       -4.9295305982
 C           6.0    -2.5013905018        3.8238299554        4.9295305982
 C           6.0    -0.1634482041       -4.5663896829        4.9295306120
 C           6.0     0.1634482041        4.5663896829       -4.9295306120
 C           6.0    -0.1634482041       -4.5663896829       -4.9295306120
 C           6.0     0.1634482041        4.5663896829        4.9295306120
 C           6.0     1.7697145814       -6.3510096102        1.3083153656
 C           6.0    -1.7697145814        6.3510096102       -1.3083153656
 C           6.0     1.7697145814       -6.3510096102       -1.3083153656
 C           6.0    -1.7697145814        6.3510096102        1.3083153656
 C           6.0    -0.6156487927       -6.1282726112        2.6914965104
 C           6.0     0.6156487927        6.1282726112       -2.6914965104
 C           6.0    -0.6156487927       -6.1282726112       -2.6914965104
 C           6.0     0.6156487927        6.1282726112        2.6914965104
 C           6.0     5.1199001237       -0.0092120196       -4.3549328349
 C           6.0    -5.1199001237        0.0092120196        4.3549328349
 C           6.0     5.1199001237       -0.0092120196        4.3549328349
 C           6.0    -5.1199001237        0.0092120196       -4.3549328349
 C           6.0     3.1934638929       -1.4334359010       -5.7381139721
 C           6.0    -3.1934638929        1.4334359010        5.7381139721
 C           6.0     3.1934638929       -1.4334359010        5.7381139721
 C           6.0    -3.1934638929        1.4334359010       -5.7381139721
 C           6.0     1.2603011006        0.3511840408       -6.5929669188
 C           6.0    -1.2603011006       -0.3511840408        6.5929669188
 C           6.0     1.2603011006        0.3511840408        6.5929669188
 C           6.0    -1.2603011006       -0.3511840408       -6.5929669188
 C           6.0     4.3773404027        2.6556266897       -4.3549328302
 C           6.0    -4.3773404027       -2.6556266897        4.3549328302
 C           6.0     4.3773404027        2.6556266897        4.3549328302
 C           6.0    -4.3773404027       -2.6556266897       -4.3549328302
 C           6.0     1.9919770249        2.8783637072       -5.7381139670
 C           6.0    -1.9919770249       -2.8783637072        5.7381139670
 C           6.0     1.9919770249        2.8783637072        5.7381139670
 C           6.0    -1.9919770249       -2.8783637072       -5.7381139670
 C           6.0     5.9998255769        3.0300156816        0.0000000000
 C           6.0    -5.9998255769       -3.0300156816        0.0000000000
 C           6.0     4.8050652838        4.1329714695       -2.2380341039
 C           6.0    -4.8050652838       -4.1329714695        2.2380341039
 C           6.0     4.8050652838        4.1329714695        2.2380341039
 C           6.0    -4.8050652838       -4.1329714695       -2.2380341039
 C           6.0     2.8719024807        5.9175913929       -1.3831811425
 C           6.0    -2.8719024807       -5.9175913929        1.3831811425
 C           6.0     2.8719024807        5.9175913929        1.3831811425
 C           6.0    -2.8719024807       -5.9175913929       -1.3831811425

          INTERNUCLEAR DISTANCES (ANGS.)
          ------------------------------

                1 C          2 C          3 C          4 C          5 C     

   1 C       0.0000000    7.1137565    2.3686335 *  6.7078392    1.4638960 *
   2 C       7.1137565    0.0000000    6.7078392    2.3686335 *  6.9615042  
   3 C       2.3686335 *  6.7078392    0.0000000    7.1137565    2.3686335 *
   4 C       6.7078392    2.3686335 *  7.1137565    0.0000000    6.7078392  
   5 C       1.4638960 *  6.9615042    2.3686335 *  6.7078392    0.0000000  
   6 C       6.9615042    1.4638960 *  6.7078392    2.3686335 *  7.1137565  
   7 C       2.3686335 *  6.7078392    1.4638960 *  6.9615042    1.4638960 *
   8 C       6.7078392    2.3686335 *  6.9615042    1.4638960 *  6.9615042  
   9 C       1.4638960 *  6.9615042    1.4638960 *  6.9615042    2.3686335 *
  10 C       6.9615042    1.4638960 *  6.9615042    1.4638960 *  6.7078392  
  11 C       2.4672412 *  6.6722000    3.5825225    6.1458168    1.3846615 *
  12 C       6.6722000    2.4672412 *  6.1458168    3.5825225    6.9776962  
  13 C       3.5825225    6.1458168    2.4672412 *  6.6722000    2.4672412 *
  14 C       6.1458168    3.5825225    6.6722000    2.4672412 *  6.6722000  
  15 C       2.8485574 *  6.5185314    4.5245875    5.4894116    2.4672412 *
  16 C       6.5185314    2.8485574 *  5.4894116    4.5245875    6.6722000  
  17 C       4.5245875    5.4894116    2.8485574 *  6.5185314    3.7046867  
  18 C       5.4894116    4.5245875    6.5185314    2.8485574 *  6.0729587  
  19 C       4.1236464    5.7966432    5.4186781    4.6090628    3.5825225  
  20 C       5.7966432    4.1236464    4.6090628    5.4186781    6.1458168  
  21 C       5.4186781    4.6090628    4.1236464    5.7966432    4.5245875  
  22 C       4.6090628    5.4186781    5.7966432    4.1236464    5.4894116  
  23 C       3.7046867    6.0729587    4.1236464    5.7966432    2.4672412 *
  24 C       6.0729587    3.7046867    5.7966432    4.1236464    6.6722000  
  25 C       4.1236464    5.7966432    3.7046867    6.0729587    2.8485574 *
  26 C       5.7966432    4.1236464    6.0729587    3.7046867    6.5185314  
  27 C       4.5245875    5.4894116    5.2171909    4.8359540    3.5825225  
  28 C       5.4894116    4.5245875    4.8359540    5.2171909    6.1458168  
  29 C       5.2171909    4.8359540    4.5245875    5.4894116    4.1236464  
  30 C       4.8359540    5.2171909    5.4894116    4.5245875    5.7966432  
  31 C       3.5825225    6.1458168    1.3846615 *  6.9776962    3.5825225  
  32 C       6.1458168    3.5825225    6.9776962    1.3846615 *  6.1458168  
  33 C       1.3846615 *  6.9776962    3.5825225    6.1458168    2.4672412 *
  34 C       6.9776962    1.3846615 *  6.1458168    3.5825225    6.6722000  
  35 C       4.5245875    5.4894116    2.4672412 *  6.6722000    4.1236464  
  36 C       5.4894116    4.5245875    6.6722000    2.4672412 *  5.7966432  
  37 C       2.4672412 *  6.6722000    4.5245875    5.4894116    2.8485574 *
  38 C       6.6722000    2.4672412 *  5.4894116    4.5245875    6.5185314  
  39 C       5.4186781    4.6090627    3.5825225    6.1458168    5.2171909  
  40 C       4.6090627    5.4186781    6.1458168    3.5825225    4.8359540  
  41 C       3.5825225    6.1458168    5.4186781    4.6090627    4.1236464  
  42 C       6.1458168    3.5825225    4.6090627    5.4186781    5.7966432  
  43 C       4.1236464    5.7966432    2.4672412 *  6.6722000    4.5245875  
  44 C       5.7966432    4.1236464    6.6722000    2.4672412 *  5.4894116  
  45 C       2.4672412 *  6.6722000    4.1236464    5.7966432    3.7046867  
  46 C       6.6722000    2.4672412 *  5.7966432    4.1236464    6.0729587  
  47 C       5.2171909    4.8359540    3.5825225    6.1458168    5.4186781  
  48 C       4.8359540    5.2171909    6.1458168    3.5825225    4.6090627  
  49 C       3.5825225    6.1458168    5.2171909    4.8359540    4.5245875  
  50 C       6.1458168    3.5825225    4.8359540    5.2171909    5.4894116  
  51 C       2.4672412 *  6.6722000    2.4672412 *  6.6722000    3.5825225  
  52 C       6.6722000    2.4672412 *  6.6722000    2.4672412 *  6.1458168  
  53 C       3.7046868    6.0729587    2.8485574 *  6.5185315    4.5245875  
  54 C       6.0729587    3.7046868    6.5185315    2.8485574 *  5.4894116  
  55 C       2.8485574 *  6.5185315    3.7046868    6.0729587    4.1236464  
  56 C       6.5185315    2.8485574 *  6.0729587    3.7046868    5.7966432  
  57 C       4.5245875    5.4894116    4.1236464    5.7966432    5.4186781  
  58 C       5.4894116    4.5245875    5.7966432    4.1236464    4.6090627  
  59 C       4.1236464    5.7966432    4.5245875    5.4894116    5.2171909  
  60 C       5.7966432    4.1236464    5.4894116    4.5245875    4.8359540  

                6 C          7 C          8 C          9 C         10 C     

   1 C       6.9615042    2.3686335 *  6.7078392    1.4638960 *  6.9615042  
   2 C       1.4638960 *  6.7078392    2.3686335 *  6.9615042    1.4638960 *
   3 C       6.7078392    1.4638960 *  6.9615042    1.4638960 *  6.9615042  
   4 C       2.3686335 *  6.9615042    1.4638960 *  6.9615042    1.4638960 *
   5 C       7.1137565    1.4638960 *  6.9615042    2.3686335 *  6.7078392  
   6 C       0.0000000    6.9615042    1.4638960 *  6.7078392    2.3686335 *
   7 C       6.9615042    0.0000000    7.1137565    2.3686335 *  6.7078392  
   8 C       1.4638960 *  7.1137565    0.0000000    6.7078392    2.3686335 *
   9 C       6.7078392    2.3686335 *  6.7078392    0.0000000    7.1137565  
  10 C       2.3686335 *  6.7078392    2.3686335 *  7.1137565    0.0000000  
  11 C       6.9776962    2.4672412 *  6.6722000    3.5825225    6.1458168  
  12 C       1.3846615 *  6.6722000    2.4672412 *  6.1458168    3.5825225  
  13 C       6.6722000    1.3846615 *  6.9776962    3.5825225    6.1458168  
  14 C       2.4672412 *  6.9776962    1.3846615 *  6.1458168    3.5825225  
  15 C       6.6722000    3.7046867    6.0729587    4.1236464    5.7966432  
  16 C       2.4672412 *  6.0729587    3.7046867    5.7966432    4.1236464  
  17 C       6.0729587    2.4672412 *  6.6722000    4.1236464    5.7966432  
  18 C       3.7046867    6.6722000    2.4672412 *  5.7966432    4.1236464  
  19 C       6.1458168    4.5245875    5.4894116    5.2171909    4.8359540  
  20 C       3.5825225    5.4894116    4.5245875    4.8359540    5.2171909  
  21 C       5.4894116    3.5825225    6.1458168    5.2171909    4.8359540  
  22 C       4.5245875    6.1458168    3.5825225    4.8359540    5.2171909  
  23 C       6.6722000    2.8485574 *  6.5185314    4.5245875    5.4894116  
  24 C       2.4672412 *  6.5185314    2.8485574 *  5.4894116    4.5245875  
  25 C       6.5185314    2.4672412 *  6.6722000    4.5245875    5.4894116  
  26 C       2.8485574 *  6.6722000    2.4672412 *  5.4894116    4.5245875  
  27 C       6.1458168    4.1236464    5.7966432    5.4186781    4.6090628  
  28 C       3.5825225    5.7966432    4.1236464    4.6090628    5.4186781  
  29 C       5.7966432    3.5825225    6.1458168    5.4186781    4.6090628  
  30 C       4.1236464    6.1458168    3.5825225    4.6090628    5.4186781  
  31 C       6.1458168    2.4672412 *  6.6722000    2.4672412 *  6.6722000  
  32 C       3.5825225    6.6722000    2.4672412 *  6.6722000    2.4672412 *
  33 C       6.6722000    3.5825225    6.1458168    2.4672412 *  6.6722000  
  34 C       2.4672412 *  6.1458168    3.5825225    6.6722000    2.4672412 *
  35 C       5.7966432    2.8485574 *  6.5185314    3.7046868    6.0729587  
  36 C       4.1236464    6.5185314    2.8485574 *  6.0729587    3.7046868  
  37 C       6.5185314    4.1236464    5.7966432    3.7046868    6.0729587  
  38 C       2.8485574 *  5.7966432    4.1236464    6.0729587    3.7046868  
  39 C       4.8359540    4.1236464    5.7966432    4.5245875    5.4894116  
  40 C       5.2171909    5.7966432    4.1236464    5.4894116    4.5245875  
  41 C       5.7966432    5.2171909    4.8359540    4.5245875    5.4894116  
  42 C       4.1236464    4.8359540    5.2171909    5.4894116    4.5245875  
  43 C       5.4894116    3.7046867    6.0729587    2.8485574 *  6.5185315  
  44 C       4.5245875    6.0729587    3.7046867    6.5185315    2.8485574 *
  45 C       6.0729587    4.5245875    5.4894116    2.8485574 *  6.5185315  
  46 C       3.7046867    5.4894116    4.5245875    6.5185315    2.8485574 *
  47 C       4.6090627    4.5245875    5.4894116    4.1236464    5.7966432  
  48 C       5.4186781    5.4894116    4.5245875    5.7966432    4.1236464  
  49 C       5.4894116    5.4186781    4.6090627    4.1236464    5.7966432  
  50 C       4.5245875    4.6090627    5.4186781    5.7966432    4.1236464  
  51 C       6.1458168    3.5825225    6.1458168    1.3846615 *  6.9776962  
  52 C       3.5825225    6.1458168    3.5825225    6.9776962    1.3846615 *
  53 C       5.4894116    4.1236464    5.7966432    2.4672412 *  6.6722000  
  54 C       4.5245875    5.7966432    4.1236464    6.6722000    2.4672412 *
  55 C       5.7966432    4.5245875    5.4894116    2.4672412 *  6.6722000  
  56 C       4.1236464    5.4894116    4.5245875    6.6722000    2.4672412 *
  57 C       4.6090627    5.2171909    4.8359540    3.5825225    6.1458168  
  58 C       5.4186781    4.8359540    5.2171909    6.1458168    3.5825225  
  59 C       4.8359540    5.4186781    4.6090627    3.5825225    6.1458168  
  60 C       5.2171909    4.6090627    5.4186781    6.1458168    3.5825225  

               11 C         12 C         13 C         14 C         15 C     

   1 C       2.4672412 *  6.6722000    3.5825225    6.1458168    2.8485574 *
   2 C       6.6722000    2.4672412 *  6.1458168    3.5825225    6.5185314  
   3 C       3.5825225    6.1458168    2.4672412 *  6.6722000    4.5245875  
   4 C       6.1458168    3.5825225    6.6722000    2.4672412 *  5.4894116  
   5 C       1.3846615 *  6.9776962    2.4672412 *  6.6722000    2.4672412 *
   6 C       6.9776962    1.3846615 *  6.6722000    2.4672412 *  6.6722000  
   7 C       2.4672412 *  6.6722000    1.3846615 *  6.9776962    3.7046867  
   8 C       6.6722000    2.4672412 *  6.9776962    1.3846615 *  6.0729587  
   9 C       3.5825225    6.1458168    3.5825225    6.1458168    4.1236464  
  10 C       6.1458168    3.5825225    6.1458168    3.5825225    5.7966432  
  11 C       0.0000000    7.1137565    2.8485574 *  6.5185315    1.4638960 *
  12 C       7.1137565    0.0000000    6.5185315    2.8485574 *  6.9615042  
  13 C       2.8485574 *  6.5185315    0.0000000    7.1137565    4.1236464  
  14 C       6.5185315    2.8485574 *  7.1137565    0.0000000    5.7966432  
  15 C       1.4638960 *  6.9615042    4.1236464    5.7966432    0.0000000  
  16 C       6.9615042    1.4638960 *  5.7966432    4.1236464    7.1137565  
  17 C       4.1236464    5.7966432    1.4638960 *  6.9615042    5.2171909  
  18 C       5.7966432    4.1236464    6.9615042    1.4638960 *  4.8359540  
  19 C       2.3686335 *  6.7078393    4.5245875    5.4894116    1.4638960 *
  20 C       6.7078393    2.3686335 *  5.4894116    4.5245875    6.9615042  
  21 C       4.5245875    5.4894116    2.3686335 *  6.7078393    5.4186781  
  22 C       5.4894116    4.5245875    6.7078393    2.3686335 *  4.6090627  
  23 C       1.4638960 *  6.9615042    2.4672412 *  6.6722000    2.3686335 *
  24 C       6.9615042    1.4638960 *  6.6722000    2.4672412 *  6.7078392  
  25 C       2.4672412 *  6.6722000    1.4638960 *  6.9615042    3.5825225  
  26 C       6.6722000    2.4672412 *  6.9615042    1.4638960 *  6.1458168  
  27 C       2.3686335 *  6.7078393    3.7046868    6.0729587    2.3686335 *
  28 C       6.7078393    2.3686335 *  6.0729587    3.7046868    6.7078392  
  29 C       3.7046868    6.0729587    2.3686335 *  6.7078393    4.5245875  
  30 C       6.0729587    3.7046868    6.7078393    2.3686335 *  5.4894116  
  31 C       4.6090628    5.4186781    2.8485574 *  6.5185315    5.4894116  
  32 C       5.4186781    4.6090628    6.5185315    2.8485574 *  4.5245875  
  33 C       2.8485574 *  6.5185315    4.6090628    5.4186781    2.4672412 *
  34 C       6.5185315    2.8485574 *  5.4186781    4.6090628    6.6722000  
  35 C       4.8359540    5.2171909    2.4672412 *  6.6722000    5.7966432  
  36 C       5.2171909    4.8359540    6.6722000    2.4672412 *  4.1236464  
  37 C       2.4672412 *  6.6722000    4.8359540    5.2171909    1.3846615 *
  38 C       6.6722000    2.4672412 *  5.2171909    4.8359540    6.9776962  
  39 C       5.7966432    4.1236464    3.7046868    6.0729587    6.5185314  
  40 C       4.1236464    5.7966432    6.0729587    3.7046868    2.8485574 *
  41 C       3.7046868    6.0729587    5.7966432    4.1236464    2.4672412 *
  42 C       6.0729587    3.7046868    4.1236464    5.7966432    6.6722000  
  43 C       5.4894116    4.5245875    4.1236464    5.7966432    6.0729587  
  44 C       4.5245875    5.4894116    5.7966432    4.1236464    3.7046868  
  45 C       4.1236464    5.7966432    5.4894116    4.5245875    3.5825225  
  46 C       5.7966432    4.1236464    4.5245875    5.4894116    6.1458168  
  47 C       6.1458168    3.5825225    4.5245875    5.4894116    6.6722000  
  48 C       3.5825225    6.1458168    5.4894116    4.5245875    2.4672412 *
  49 C       4.5245875    5.4894116    6.1458168    3.5825225    3.5825225  
  50 C       5.4894116    4.5245875    3.5825225    6.1458168    6.1458168  
  51 C       4.6090628    5.4186781    4.6090628    5.4186781    4.8359540  
  52 C       5.4186781    4.6090628    5.4186781    4.6090628    5.2171909  
  53 C       5.4894116    4.5245876    4.8359540    5.2171909    5.7966432  
  54 C       4.5245876    5.4894116    5.2171909    4.8359540    4.1236464  
  55 C       4.8359540    5.2171909    5.4894116    4.5245876    4.6090628  
  56 C       5.2171909    4.8359540    4.5245876    5.4894116    5.4186781  
  57 C       6.1458168    3.5825225    5.7966432    4.1236464    6.1458168  
  58 C       3.5825225    6.1458168    4.1236464    5.7966432    3.5825225  
  59 C       5.7966432    4.1236464    6.1458168    3.5825225    5.4894116  
  60 C       4.1236464    5.7966432    3.5825225    6.1458168    4.5245875  

               16 C         17 C         18 C         19 C         20 C     

   1 C       6.5185314    4.5245875    5.4894116    4.1236464    5.7966432  
   2 C       2.8485574 *  5.4894116    4.5245875    5.7966432    4.1236464  
   3 C       5.4894116    2.8485574 *  6.5185314    5.4186781    4.6090628  
   4 C       4.5245875    6.5185314    2.8485574 *  4.6090628    5.4186781  
   5 C       6.6722000    3.7046867    6.0729587    3.5825225    6.1458168  
   6 C       2.4672412 *  6.0729587    3.7046867    6.1458168    3.5825225  
   7 C       6.0729587    2.4672412 *  6.6722000    4.5245875    5.4894116  
   8 C       3.7046867    6.6722000    2.4672412 *  5.4894116    4.5245875  
   9 C       5.7966432    4.1236464    5.7966432    5.2171909    4.8359540  
  10 C       4.1236464    5.7966432    4.1236464    4.8359540    5.2171909  
  11 C       6.9615042    4.1236464    5.7966432    2.3686335 *  6.7078393  
  12 C       1.4638960 *  5.7966432    4.1236464    6.7078393    2.3686335 *
  13 C       5.7966432    1.4638960 *  6.9615042    4.5245875    5.4894116  
  14 C       4.1236464    6.9615042    1.4638960 *  5.4894116    4.5245875  
  15 C       7.1137565    5.2171909    4.8359540    1.4638960 *  6.9615042  
  16 C       0.0000000    4.8359540    5.2171909    6.9615042    1.4638960 *
  17 C       4.8359540    0.0000000    7.1137565    5.4186781    4.6090627  
  18 C       5.2171909    7.1137565    0.0000000    4.6090627    5.4186781  
  19 C       6.9615042    5.4186781    4.6090627    0.0000000    7.1137565  
  20 C       1.4638960 *  4.6090627    5.4186781    7.1137565    0.0000000  
  21 C       4.6090627    1.4638960 *  6.9615042    5.2171909    4.8359540  
  22 C       5.4186781    6.9615042    1.4638960 *  4.8359540    5.2171909  
  23 C       6.7078392    3.5825225    6.1458168    2.3686335 *  6.7078392  
  24 C       2.3686335 *  6.1458168    3.5825225    6.7078392    2.3686335 *
  25 C       6.1458168    2.3686335 *  6.7078392    3.5825225    6.1458168  
  26 C       3.5825225    6.7078392    2.3686335 *  6.1458168    3.5825225  
  27 C       6.7078392    4.5245875    5.4894116    1.4638960 *  6.9615042  
  28 C       2.3686335 *  5.4894116    4.5245875    6.9615042    1.4638960 *
  29 C       5.4894116    2.3686335 *  6.7078392    4.1236464    5.7966432  
  30 C       4.5245875    6.7078392    2.3686335 *  5.7966432    4.1236464  
  31 C       4.5245875    2.4672412 *  6.6722000    6.1458168    3.5825225  
  32 C       5.4894116    6.6722000    2.4672412 *  3.5825225    6.1458168  
  33 C       6.6722000    5.4894116    4.5245875    3.7046868    6.0729587  
  34 C       2.4672412 *  4.5245875    5.4894116    6.0729587    3.7046868  
  35 C       4.1236464    1.3846615 *  6.9776962    6.1458168    3.5825225  
  36 C       5.7966432    6.9776962    1.3846615 *  3.5825225    6.1458168  
  37 C       6.9776962    5.7966432    4.1236464    2.4672412 *  6.6722000  
  38 C       1.3846615 *  4.1236464    5.7966432    6.6722000    2.4672412 *
  39 C       2.8485574 *  2.4672412 *  6.6722000    6.6722000    2.4672412 *
  40 C       6.5185314    6.6722000    2.4672412 *  2.4672412 *  6.6722000  
  41 C       6.6722000    6.5185314    2.8485574 *  2.8485574 *  6.5185314  
  42 C       2.4672412 *  2.8485574 *  6.5185314    6.5185314    2.8485574 *
  43 C       3.7046868    3.5825225    6.1458168    6.6722000    2.4672412 *
  44 C       6.0729587    6.1458168    3.5825225    2.4672412 *  6.6722000  
  45 C       6.1458168    6.0729587    3.7046868    4.5245875    5.4894116  
  46 C       3.5825225    3.7046868    6.0729587    5.4894116    4.5245875  
  47 C       2.4672412 *  3.5825225    6.1458168    6.9776962    1.3846615 *
  48 C       6.6722000    6.1458168    3.5825225    1.3846615 *  6.9776962  
  49 C       6.1458168    6.6722000    2.4672412 *  4.1236464    5.7966432  
  50 C       3.5825225    2.4672412 *  6.6722000    5.7966432    4.1236464  
  51 C       5.2171909    4.8359540    5.2171909    5.7966432    4.1236464  
  52 C       4.8359540    5.2171909    4.8359540    4.1236464    5.7966432  
  53 C       4.1236464    4.6090628    5.4186781    6.5185315    2.8485574 *
  54 C       5.7966432    5.4186781    4.6090628    2.8485574 *  6.5185315  
  55 C       5.4186781    5.7966432    4.1236464    5.4894116    4.5245875  
  56 C       4.6090628    4.1236464    5.7966432    4.5245875    5.4894116  
  57 C       3.5825225    5.4894116    4.5245875    6.6722000    2.4672412 *
  58 C       6.1458168    4.5245875    5.4894116    2.4672412 *  6.6722000  
  59 C       4.5245875    6.1458168    3.5825225    6.0729587    3.7046868  
  60 C       5.4894116    3.5825225    6.1458168    3.7046868    6.0729587  

               21 C         22 C         23 C         24 C         25 C     

   1 C       5.4186781    4.6090628    3.7046867    6.0729587    4.1236464  
   2 C       4.6090628    5.4186781    6.0729587    3.7046867    5.7966432  
   3 C       4.1236464    5.7966432    4.1236464    5.7966432    3.7046867  
   4 C       5.7966432    4.1236464    5.7966432    4.1236464    6.0729587  
   5 C       4.5245875    5.4894116    2.4672412 *  6.6722000    2.8485574 *
   6 C       5.4894116    4.5245875    6.6722000    2.4672412 *  6.5185314  
   7 C       3.5825225    6.1458168    2.8485574 *  6.5185314    2.4672412 *
   8 C       6.1458168    3.5825225    6.5185314    2.8485574 *  6.6722000  
   9 C       5.2171909    4.8359540    4.5245875    5.4894116    4.5245875  
  10 C       4.8359540    5.2171909    5.4894116    4.5245875    5.4894116  
  11 C       4.5245875    5.4894116    1.4638960 *  6.9615042    2.4672412 *
  12 C       5.4894116    4.5245875    6.9615042    1.4638960 *  6.6722000  
  13 C       2.3686335 *  6.7078393    2.4672412 *  6.6722000    1.4638960 *
  14 C       6.7078393    2.3686335 *  6.6722000    2.4672412 *  6.9615042  
  15 C       5.4186781    4.6090627    2.3686335 *  6.7078392    3.5825225  
  16 C       4.6090627    5.4186781    6.7078392    2.3686335 *  6.1458168  
  17 C       1.4638960 *  6.9615042    3.5825225    6.1458168    2.3686335 *
  18 C       6.9615042    1.4638960 *  6.1458168    3.5825225    6.7078392  
  19 C       5.2171909    4.8359540    2.3686335 *  6.7078392    3.5825225  
  20 C       4.8359540    5.2171909    6.7078392    2.3686335 *  6.1458168  
  21 C       0.0000000    7.1137565    3.5825225    6.1458168    2.3686335 *
  22 C       7.1137565    0.0000000    6.1458168    3.5825225    6.7078392  
  23 C       3.5825225    6.1458168    0.0000000    7.1137565    1.3846615 *
  24 C       6.1458168    3.5825225    7.1137565    0.0000000    6.9776962  
  25 C       2.3686335 *  6.7078392    1.3846615 *  6.9776962    0.0000000  
  26 C       6.7078392    2.3686335 *  6.9776962    1.3846615 *  7.1137565  
  27 C       4.1236464    5.7966432    1.4638960 *  6.9615042    2.4672412 *
  28 C       5.7966432    4.1236464    6.9615042    1.4638960 *  6.6722000  
  29 C       1.4638960 *  6.9615042    2.4672412 *  6.6722000    1.4638960 *
  30 C       6.9615042    1.4638960 *  6.6722000    2.4672412 *  6.9615042  
  31 C       3.7046868    6.0729587    4.8359540    5.2171909    4.1236464  
  32 C       6.0729587    3.7046868    5.2171909    4.8359540    5.7966432  
  33 C       6.1458168    3.5825225    4.1236464    5.7966432    4.8359540  
  34 C       3.5825225    6.1458168    5.7966432    4.1236464    5.2171909  
  35 C       2.4672412 *  6.6722000    4.6090627    5.4186781    3.5825225  
  36 C       6.6722000    2.4672412 *  5.4186781    4.6090627    6.1458168  
  37 C       6.1458168    3.5825225    3.5825225    6.1458168    4.6090627  
  38 C       3.5825225    6.1458168    6.1458168    3.5825225    5.4186781  
  39 C       2.8485574 *  6.5185314    5.4894116    4.5245875    4.5245875  
  40 C       6.5185314    2.8485574 *  4.5245875    5.4894116    5.4894116  
  41 C       6.6722000    2.4672412 *  4.5245875    5.4894116    5.4894116  
  42 C       2.4672412 *  6.6722000    5.4894116    4.5245875    4.5245875  
  43 C       4.5245875    5.4894116    5.7966432    4.1236464    5.2171909  
  44 C       5.4894116    4.5245875    4.1236464    5.7966432    4.8359540  
  45 C       6.6722000    2.4672412 *  5.2171909    4.8359540    5.7966432  
  46 C       2.4672412 *  6.6722000    4.8359540    5.2171909    4.1236464  
  47 C       4.1236464    5.7966432    6.1458168    3.5825225    5.4186781  
  48 C       5.7966432    4.1236464    3.5825225    6.1458168    4.6090627  
  49 C       6.9776962    1.3846615 *  5.4186781    4.6090627    6.1458168  
  50 C       1.3846615 *  6.9776962    4.6090627    5.4186781    3.5825225  
  51 C       5.7966432    4.1236464    5.4894116    4.5245875    5.4894116  
  52 C       4.1236464    5.7966432    4.5245875    5.4894116    4.5245875  
  53 C       5.4894116    4.5245875    6.0729587    3.7046868    5.7966432  
  54 C       4.5245875    5.4894116    3.7046868    6.0729587    4.1236464  
  55 C       6.5185315    2.8485574 *  5.7966432    4.1236464    6.0729587  
  56 C       2.8485574 *  6.5185315    4.1236464    5.7966432    3.7046868  
  57 C       6.0729587    3.7046868    6.6722000    2.4672412 *  6.5185314  
  58 C       3.7046868    6.0729587    2.4672412 *  6.6722000    2.8485574 *
  59 C       6.6722000    2.4672412 *  6.5185314    2.8485574 *  6.6722000  
  60 C       2.4672412 *  6.6722000    2.8485574 *  6.5185314    2.4672412 *

               26 C         27 C         28 C         29 C         30 C     

   1 C       5.7966432    4.5245875    5.4894116    5.2171909    4.8359540  
   2 C       4.1236464    5.4894116    4.5245875    4.8359540    5.2171909  
   3 C       6.0729587    5.2171909    4.8359540    4.5245875    5.4894116  
   4 C       3.7046867    4.8359540    5.2171909    5.4894116    4.5245875  
   5 C       6.5185314    3.5825225    6.1458168    4.1236464    5.7966432  
   6 C       2.8485574 *  6.1458168    3.5825225    5.7966432    4.1236464  
   7 C       6.6722000    4.1236464    5.7966432    3.5825225    6.1458168  
   8 C       2.4672412 *  5.7966432    4.1236464    6.1458168    3.5825225  
   9 C       5.4894116    5.4186781    4.6090628    5.4186781    4.6090628  
  10 C       4.5245875    4.6090628    5.4186781    4.6090628    5.4186781  
  11 C       6.6722000    2.3686335 *  6.7078393    3.7046868    6.0729587  
  12 C       2.4672412 *  6.7078393    2.3686335 *  6.0729587    3.7046868  
  13 C       6.9615042    3.7046868    6.0729587    2.3686335 *  6.7078393  
  14 C       1.4638960 *  6.0729587    3.7046868    6.7078393    2.3686335 *
  15 C       6.1458168    2.3686335 *  6.7078392    4.5245875    5.4894116  
  16 C       3.5825225    6.7078392    2.3686335 *  5.4894116    4.5245875  
  17 C       6.7078392    4.5245875    5.4894116    2.3686335 *  6.7078392  
  18 C       2.3686335 *  5.4894116    4.5245875    6.7078392    2.3686335 *
  19 C       6.1458168    1.4638960 *  6.9615042    4.1236464    5.7966432  
  20 C       3.5825225    6.9615042    1.4638960 *  5.7966432    4.1236464  
  21 C       6.7078392    4.1236464    5.7966432    1.4638960 *  6.9615042  
  22 C       2.3686335 *  5.7966432    4.1236464    6.9615042    1.4638960 *
  23 C       6.9776962    1.4638960 *  6.9615042    2.4672412 *  6.6722000  
  24 C       1.3846615 *  6.9615042    1.4638960 *  6.6722000    2.4672412 *
  25 C       7.1137565    2.4672412 *  6.6722000    1.4638960 *  6.9615042  
  26 C       0.0000000    6.6722000    2.4672412 *  6.9615042    1.4638960 *
  27 C       6.6722000    0.0000000    7.1137565    2.8485574 *  6.5185315  
  28 C       2.4672412 *  7.1137565    0.0000000    6.5185315    2.8485574 *
  29 C       6.9615042    2.8485574 *  6.5185315    0.0000000    7.1137565  
  30 C       1.4638960 *  6.5185315    2.8485574 *  7.1137565    0.0000000  
  31 C       5.7966432    5.7966432    4.1236464    4.5245875    5.4894116  
